63 57
111111111111111111111111111111111111111111111111111111111111111
111111111111111111111111111110000000000011111111111111111111111
111111000011111111111111111110000000000011111111111111111111111
111111000011111111000000000010000000000010001111111111111111111
1111110000011111110000000000|00000000000|0001111111111111111111
111111000001111111000000000010000000000010001111111111111111111
111111111111111111000111111110000000000011111111111111111111111
111111000000000111000111111110000000000011111111111111111111111
1111110000000001110001111111111111-1111111111111111111111111111
111111000000000100000001111111111000111111111111111111111111111
111111000000000|00000001111111111000111111111111111111111111111
111111000000000100000001111111111000111111111111111111111111111
111111000000000111111111111111111000111111111111111111111111111
100011000000000111111111111111111000111111111111111111111111111
1000111111-1111111111111111111111000111111111111111111111111111
100011111000111111111111111100100000001111111111111111111111111
11-111111000111111111111111100111000111111111111111111111111111
100011111000111111111111111100111000111111111111111111111111111
100010001000111111111111111100111000111111111111111111111111111
100000001000111111111111111111111000111111111111111111111111111
100010001000111111111111111111111000111111111111111111111111111
1000111111-11111111111111111111111-1111111111111111111111111111
100011000000000111111111111111110000011111111111111111000000001
100011000000000111111111111000000000000000111111111111000000001
100011000000000111111111111000000000000000011111111111000000001
100001000000000111111111111000000000000000010000000001000000001
10000|0000000001111111111110000000000000000|000000000|000000001
100001000000000111111111111000000000000000010000000001000000001
100011000000000111111111111000000000000000111110011111000000001
100011000000000111111111111000000000000000111110011111000000001
100011000000000111111111111111110000011111111110011111000000001
1000111111-11111111111111111111111-1111111111110011111111111111
100011111000111111111111111111111000111111111110011111111111111
100011111000111111111111111111111000111111111110011111111111111
100010001000111111111111111111111000111111111110011111111111111
100000001000111111111111111111111000111111111110011111111111111
100010001000111111111111111111111000111111111110001000000000111
10001111100011111111111111111111100011111111111000|000000000111
100011111000111111111111111111111000111111111110001000000000111
100000000000000001000000111111111000111111111111111111111111111
10000000000000000|000000|01111111000111111111111111111111111111
100000000000000001000000111111111000111111111111111111111111111
111111111111111111111111111111111000111111111111111111111111111
1111111111110010010011111111111111-1111111111111111111111111111
11111111110|001001001111111100001000100001111111111111111111111
11111111111100000111111111110000|000|00001111111111111111111111
111111111111111111111111111100001000100001111111111111111111111
111111111111100111111111111100001000100001111111111111111111111
111111111111100111111111111111111000111111111111111111111111111
111111111111111111111111111100001000100001111111111111111111111
11111111111111111111111111110200|000|00001111111111111111111111
111111111111111111111111111100001000100001111111111111111111111
111111111111111111111111111111111000111111111111111111111111111
111111111111111111111111111100000000000001111111111111111111111
111111111111111111111111111100000000000001111111111111111111111
111111111111111111111111111100000000000001111111111111111111111
111111111111111111111111111111111111111111111111111111111111111
