34 60
1111111111111111100000001111111111
1111111111111111100000001111111111
1111111111111111111000111111111111
1111111111111111111000111111111111
1111111111111111111000111111111111
1111111111111111111000111111111111
1111111111111111111000111111111111
1111111111111111111000111111111111
1111111111111111111000111111111111
11111111111111111111-1111111111111
1111111111111111111000111111111111
1111111111111111111000111111111111
1111111111111111100000001111111111
1111111111111111111000111111111111
1111111111111111111000100111111111
11111111111111111111-1100111111111
1111111111111111111000111111111111
1111111111111111111000111111111111
1111111111111111110000011111111111
1111111111111111111000111111111111
1111111111111111111000111111111111
1111111100110000000000000000011111
1111111100110000000000000000011111
1111111100110000000000000000011111
1111111100110001100000001100011111
1000000000110000000000000000011111
1000000000110000000000000000011111
1000111000110000000000000000011111
1000111000110001100000001100011111
1000111000110000000000000000011111
1000111000010000000000000000011111
1000111000010000000000000000010011
1000111110010001100000001100010011
1111111111110000000000000000010011
1111111111110000000000000000011111
1111111111110000000000000000011111
1111111111110001100000001100011111
1111111111110000000000000000011111
1111111111110000000000000000011111
1111111111110000000000000000011111
1111111111110001100000001100011111
1111111111110000000000000000011111
1111111111110000000000000000011111
1111111111110000000000000000011111
1111111111111111001000100111111111
1111111111111111000000000111111111
1111111111111111000000000111111111
1111111111111111001000100111111111
1111111111111111000000000111111111
1111111111111111000000000111111111
1111111111111111001000100111111111
1111111111111111000000000111111111
11111111111111111111-1111111111111
1111111111111111111000111111111111
1111111111111111111000111111111111
1111111111111111111000111111111111
1111111111111111111000111111111111
1111111111111111110000011111111111
1111111111111111110020011111111111
1111111111111111111111111111111111
